0,388
0,387
0,386
0,385
28,3
28,2
28,1
28,0
27,4
27,3
27,2
27,1
27,0
0,384
0,319
0,318
26,4
26,3
26,2
26,1
26,0
0,317
0,316
25,4
25,3
25,2
0,283
25,1
25,0
24,3
24,2
0,9
24,1
24,0
3,2
10,28
10,126
10,92
10,190
10,162
10,172
10,84
10,2
10,3
11,10
11,16
11,8
11,6
11,2
11,3
9,6
9,4
9,2
9,3
8,10
8,9
8,2
8,3
12,2
12,1
12,3
11,30
11,29
11,28
11,27
11,26
11,25
11,24
11,23
11,22
11,1
11,21
10,317
10,316
10,315
10,314
10,313
10,312
10,311
10,310
10,309
10,308
10,307
10,306
10,305
10,304
20,2
10,303
20,1
10,302
20,3
10,301
10,300
10,299
10,298
10,297
10,296
10,295
10,294
10,293
10,292
10,291
10,290
10,289
10,288
10,287
10,286
10,285
10,284
10,283
10,282
19,2
10,281
19,1
10,280
19,3
10,279
10,278
